% Parametry modelu
R = 5.45
m = 57.5
g = 9.81
L0 = 0.1255
L1 = 0.05132
alfa = 216.9

% wartosc zadania
x1zad = 0.015
